[soe][Equalizer#0]
inputGain=-2
numBands=10

[soe][Equalizer#0#left]
band0Frequency=105
band0Gain=4.099999904632568
band0Mode=6
band0Q=0.6666666865348816
band0Type=5
band10Type=0
band11Type=0
band12Type=0
band13Type=0
band14Type=0
band15Type=0
band16Type=0
band17Type=0
band18Type=0
band19Type=0
band1Frequency=20
band1Gain=8.199999809265137
band1Mode=6
band1Q=5.980000019073486
band20Type=0
band21Type=0
band22Type=0
band23Type=0
band24Type=0
band25Type=0
band26Type=0
band27Type=0
band28Type=0
band29Type=0
band2Frequency=27.799999237060547
band2Gain=5.400000095367432
band2Mode=6
band2Q=1.7200000286102295
band30Type=0
band31Type=0
band3Frequency=130.39999389648438
band3Gain=-5.199999809265137
band3Mode=6
band3Q=0.5199999809265137
band4Frequency=734.0999755859375
band4Gain=1
band4Mode=6
band4Q=1.1699999570846558
band5Frequency=2104.39990234375
band5Gain=-1.7000000476837158
band5Mode=6
band5Q=2.1500000953674316
band6Frequency=3708.89990234375
band6Gain=5
band6Mode=6
band6Q=3.700000047683716
band7Frequency=5426.2998046875
band7Gain=-6.900000095367432
band7Mode=6
band7Q=4.590000152587891
band8Frequency=6569.60009765625
band8Gain=4.199999809265137
band8Mode=6
band8Q=1.2100000381469727
band9Frequency=10000
band9Gain=2.5
band9Mode=6
band9Q=0.6666666865348816
band9Type=3

[soe][Equalizer#0#right]
band0Frequency=105
band0Gain=4.099999904632568
band0Mode=6
band0Q=0.6666666865348816
band0Type=5
band10Type=0
band11Type=0
band12Type=0
band13Type=0
band14Type=0
band15Type=0
band16Type=0
band17Type=0
band18Type=0
band19Type=0
band1Frequency=20
band1Gain=8.199999809265137
band1Mode=6
band1Q=5.980000019073486
band20Type=0
band21Type=0
band22Type=0
band23Type=0
band24Type=0
band25Type=0
band26Type=0
band27Type=0
band28Type=0
band29Type=0
band2Frequency=27.799999237060547
band2Gain=5.400000095367432
band2Mode=6
band2Q=1.7200000286102295
band30Type=0
band31Type=0
band3Frequency=130.39999389648438
band3Gain=-5.199999809265137
band3Mode=6
band3Q=0.5199999809265137
band4Frequency=734.0999755859375
band4Gain=1
band4Mode=6
band4Q=1.1699999570846558
band5Frequency=2104.39990234375
band5Gain=-1.7000000476837158
band5Mode=6
band5Q=2.1500000953674316
band6Frequency=3708.89990234375
band6Gain=5
band6Mode=6
band6Q=3.700000047683716
band7Frequency=5426.2998046875
band7Gain=-6.900000095367432
band7Mode=6
band7Q=4.590000152587891
band8Frequency=6569.60009765625
band8Gain=4.199999809265137
band8Mode=6
band8Q=1.2100000381469727
band9Frequency=10000
band9Gain=2.5
band9Mode=6
band9Q=0.6666666865348816
band9Type=3
